Mean: 14.511513471603394
Variance: 87.21180669058405
Standard Deviation: 9.338726181368852
Median: 12.116312980651855
Min: 0.0
Max: 66.82181358337402
Q1: 10.06162166595459
Q3: 18.127501010894775