Mean: 13.428537845611572
Variance: 57.68142663561662
Standard Deviation: 7.594828940510551
Median: 12.1079683303833
Min: 0.0
Max: 37.78433799743652
Q1: 10.058164596557617
Q3: 18.10133457183838