Mean: 3.1417400000000004 
Variance: 8.021252127548692e-05
Standard Deviation: 0.008956144330876258 
Median: 3.1418999999999997 
Min: 3.1399946129010164 
Max: 3.1441158210134154
Q1: 3.1031209816052834 
Q3: 3.124882186059631